0.003183	0	0.371334	0	0.213992	0.354666	0.071061	0.223508	0.130435	0.171756	0.638298	0.76766	0.474
0.001062	0	0.350073	0	0.333333	0.60433	0.810505	0.140758	0.217391	0.467557	0.553191	0.232616	0.456
0.001127	0.8	0.053152	0	0.057613	0.455068	0.170958	0.859888	0.130435	0.280534	1	0.10596	0.412
0.002261	0	1	0	0.460905	0.293543	0.979403	0.063018	0.130435	1	0.797872	0.771247	0.162
0.162212	0	0.646628	0	0.436214	0.630581	1	0.030545	1	0.914122	0.808511	0.498068	0.55
0.000091	0.6	0.090543	0	0.032922	0.583062	0.163749	0.462858	0	0.148855	0.319149	0.073124	0.582
0.004076	0.22	0.197947	0	0.09465	0.900172	0.056643	0.707208	0.26087	0.272901	0.691489	0.049945	0.856
0.14689	0	0.646628	0	0.401235	0.41234	0.554068	0.154053	1	0.914122	0.808511	0.359547	0.402
0.11195	0	0.646628	0	0.730453	0.560261	1	0.077185	1	0.914122	0.808511	0.472406	0.308
0.001528	0	0.350073	0	0.333333	0.515999	0.837281	0.102474	0.217391	0.467557	0.553191	0.240618	0.37
0.006561	0	0.785557	0	0.49177	0.538609	0.978373	0.108922	0.130435	0.477099	0.914894	0.259106	0.46
0.000559	0	0.073314	0	0.211934	0.818164	0.522142	0.188198	0.086957	0.01145	0.553191	0.075055	1
0.002761	0	0.371334	0	0.213992	0.425752	0.718847	0.293292	0.130435	0.171756	0.638298	0.450607	0.45
0.000705	0	0.06305	0	0.150206	0.687105	0.528321	0.448545	0.086957	0.066794	0.648936	0.099338	0.724
0.002085	0	0.253666	0	0.222222	0.549914	0.121524	0.389773	0.173913	0.19084	0.744681	0.092439	0.492
0.003636	0	0.785557	0	0.49177	0.433225	0.952626	0.12188	0.130435	0.477099	0.914894	0.366998	0.368
0.003763	0	0.253666	0	0.222222	0.546848	0.38311	0.326592	0.173913	0.19084	0.744681	0.121137	0.5
0.125369	0	0.646628	0	0.730453	0.587852	0.944387	0.090489	1	0.914122	0.808511	0.594371	0.268
0.00015	0.8	0.047654	0	0	0.511401	0.294542	0.723804	0	0.103053	0.595745	0.309051	0.402
0.10686	0	0.646628	0	0.674897	0.606821	0.939238	0.124262	1	0.914122	0.808511	0.468543	0.288
0.048808	0	0.646628	0	0.401235	0.499329	0.835221	0.173122	1	0.914122	0.808511	0.401766	0.398
0.000703	0	0.073314	0	0.211934	0.494922	0.610711	0.133519	0.086957	0.01145	0.553191	0.213024	0.724
0.001053	0.34	0.206378	0	0.098765	0.65549	0.15242	0.396666	0.26087	0.270992	0.37234	0.086369	0.662
0.00087	0.45	0.109238	0	0.106996	0.694386	0.370752	0.312552	0.173913	0.402672	0.276596	0.100993	0.698
0.000622	0	0.144062	0	0.117284	0.447787	0.508754	0.625995	0.086957	0.314885	0.659574	0.301876	0.344
0.012639	0	0.281525	0	0.314815	0.41234	0.939238	0.282207	0.130435	0.229008	0.893617	0.575883	0.254
0.037257	0	0.70088	1	1	0.352941	1	0.017459	0.173913	0.412214	0.223404	0.692329	0.268
0.002335	0.22	0.197947	0	0.09465	0.551255	0.061792	0.569897	0.26087	0.272901	0.691489	0.051325	0.496
0.15009	0	0.646628	0	0.633745	0.445679	0.945417	0.059335	1	0.914122	0.808511	0.403422	0.254
0.21136	0	0.646628	0	0.436214	0.204445	1	0.038584	1	0.914122	0.808511	0.900662	0.358
0.02054	0	0.70088	1	0.452675	0.812608	0.981462	0.082851	0.173913	0.412214	0.223404	0.005243	1
0.002617	0	0.338343	0	0.411523	0.470971	0.642636	0.116351	0.217391	0.389313	0.702128	0.308775	0.424
0.000489	0.21	0.189883	0	0.111111	0.466948	0.190525	0.516973	0.130435	0.10687	0.446809	0.184879	0.468
0.000498	0	0.147727	0	0.131687	0.541866	0.46447	0.331894	0.086957	0.114504	0.62766	0.217715	0.478
0.012591	0	0.70088	1	1	0.278023	0.876416	0.043703	0.173913	0.412214	0.223404	0.2867	0.306
0.058396	0	0.646628	1	0.792181	0.491665	0.829042	0.144868	1	0.914122	0.808511	0.26904	0.454
0.002125	0	0.379399	0	0.057613	0.514275	0.033986	0.378079	0.130435	0.225191	0.702128	0.16032	0.468
0.000547	0	0.173387	0	0.26749	0.464457	0.437693	0.334876	0.173913	0.070611	0.808511	0.221026	0.38
0.00118	0	1	0	0.460905	0.464074	0.830072	0.089143	0.130435	1	0.797872	0.32064	0.402
0.000301	0	0.173387	0	0.26749	0.478636	0.354274	0.334876	0.173913	0.070611	0.808511	0.187086	0.412
0.001514	0	0.493402	0	0.106996	0.427093	0.567456	0.471988	0.130435	0.194656	0.361702	0.389349	0.406
0.003199	0	0.785557	0	0.49177	0.500671	0.934089	0.043858	0.130435	0.477099	0.914894	0.618929	0.28
0.000364	0.525	0.178152	0	0.041152	0.507377	0.292482	0.562668	0.217391	0.20229	0.425532	0.149283	0.464
0.001813	0	0.253666	0	0.222222	0.548956	0.508754	0.31016	0.173913	0.19084	0.744681	0.150938	0.476
0.000549	0.33	0.06305	0	0.179012	0.704158	0.393409	0.26302	0.26087	0.066794	0.617021	0.143488	0.722
0.003473	0	0.210411	0	0.244856	0.901514	0.776519	0.160482	0.304348	0.229008	0.510638	0.066501	0.896
0.000858	0	0.493402	0	0.106996	0.491665	0.159629	0.397667	0.130435	0.194656	0.361702	0.189018	0.478
0.041439	0	0.646628	0	0.674897	0.539375	0.880536	0.130719	1	0.914122	0.808511	0.356512	0.354
0.000075	0.35	0.038856	0	0.117284	0.705116	0.477858	0.53727	0	0.185115	0.308511	0.103753	0.654
0.001382	0	0.493402	0	0.106996	0.597241	0.290422	0.439287	0.130435	0.194656	0.361702	0.125276	0.572
0.000307	0.75	0.091276	0	0.088477	0.663537	0.132853	0.388428	0.086957	0.124046	0.606383	0.006898	0.698
0.000483	0.33	0.06305	0	0.179012	0.630006	0.69413	0.186698	0.26087	0.066794	0.617021	0.160044	0.564
0.091553	0	0.646628	0	0.648148	0.35045	0.988671	0.054424	1	0.914122	0.808511	0.527594	0.23
0.026129	0	0.70088	0	1	0.311362	0.936148	0.036374	0.173913	0.412214	0.223404	0.73372	0.356
0.00172	0	0.236437	0	0.12963	0.50776	0.037075	0.417509	0.086957	0.087786	0.56383	0.157561	0.494
0.075435	0	0.646628	0	0.674897	0.610845	0.92379	0.108576	1	0.914122	0.808511	0.433499	0.268
0.000416	0.21	0.189883	0	0.111111	0.489366	0.61895	0.516973	0.130435	0.10687	0.446809	0.212472	0.41
0.000121	0.9	0.057185	0	0.05144	0.606821	0.341916	1	0.173913	0	0.468085	0.076435	0.602
0.156312	0	0.646628	0	0.674897	0.507185	0.948507	0.099355	1	0.914122	0.808511	0.370861	0.234
0.174996	0	0.646628	0	0.401235	0.453152	0.701339	0.161755	1	0.914122	0.808511	0.452539	0.382
0.003876	0	0.253666	0	0.222222	0.475187	0.484037	0.326592	0.173913	0.19084	0.744681	0.164735	0.408
0.000272	0.55	0.121701	0	0.203704	0.634796	0.259526	0.485209	0.173913	0.349237	0.531915	0.07947	0.624
0.009834	0	0.785557	0	0.49177	0.397777	0.945417	0.077322	0.130435	0.477099	0.914894	0.458333	0.286
0.073423	0	0.646628	1	0.506173	0.662004	0.974253	0.00662	1	0.914122	0.808511	0.03394	1
0.001214	0	0.296921	0	0.277778	0.616976	0.704428	0.156999	0.173913	0.375954	0.882979	0.163907	0.53
0.000098	0.9	0.027493	1	0.032922	0.835792	0.225541	0.432431	0	0.020992	0.106383	0.039459	1
0.001202	0.3	0.163856	0	0.088477	0.639203	0.529351	0.473452	0.217391	0.215649	0.425532	0.26628	0.54
0.000323	0.95	0.081378	0	0.063992	0.82238	0.312049	0.362684	0.130435	0.070611	0.223404	0.057395	0.97
0.001361	0	0.236437	0	0.12963	0.614869	0	0.417509	0.086957	0.087786	0.56383	0.085817	0.532
0.002399	0	0.236437	0	0.12963	0.391071	0.608651	0.450863	0.086957	0.087786	0.56383	0.399283	0.388
0.072359	0	0.646628	0	0.409465	0.548764	0.740474	0.097373	1	0.914122	0.808511	0.284216	0.322
0.00731	0.2	0.128666	0	0.539095	0.628664	1	0.080123	0.173913	0.146947	0.042553	0.14266	0.602
0.000921	0.125	0.271628	0	0.286008	0.46963	0.656025	0.402923	0.173913	0.236641	0.276596	0.295254	0.458
0.000345	0.2	0.105205	0	0.119136	0.652807	0.353244	0.374205	0.173913	0.055344	0.244681	0.078918	0.708
0.008087	0	0.281525	0	0.314815	0.415022	0.685891	0.242514	0.130435	0.229008	0.893617	0.263521	0.364
0.010901	0	0.785557	0	0.49177	0.42077	0.983522	0.110613	0.130435	0.477099	0.914894	0.429912	0.312
0.012874	0	0.281525	0	0.314815	0.41004	0.948507	0.241668	0.130435	0.229008	0.893617	0.458609	0.262
0.265729	0	0.646628	0	0.588477	0.540142	0.960865	0.023325	1	0.914122	0.808511	0.60596	0.262
0.003184	0	0.338343	0	0.411523	0.35045	0.720906	0.15177	0.217391	0.389313	0.702128	0.535596	0.394
0.000052	0.55	0.065616	0	0.00823	0.554129	0.298661	0.561767	0	0.215649	0.287234	0.17936	0.44
0.000412	0.28	0.534457	0	0.162551	0.515041	0.76622	0.226009	0.130435	0.158397	0.595745	0.244481	0.412
0.047825	0	0.646628	0	0.792181	0.488791	0.807415	0.125444	1	0.914122	0.808511	0.301876	0.452
0.002073	0.22	0.197947	0	0.09465	0.604905	0.15036	0.608981	0.26087	0.272901	0.691489	0.133278	0.524
0.008743	0	0.281525	0	0.314815	0.465415	0.811535	0.284471	0.130435	0.229008	0.893617	0.357064	0.35
0.003655	0	0.210411	0	0.251029	0.897873	0.69516	0.229365	0.304348	0.229008	0.510638	0.061258	0.966
0.002892	0	0.296921	0	0.277778	0.511209	0.909372	0.128718	0.173913	0.375954	0.882979	0.381347	0.388
0.063903	0	0.646628	0	0.407407	0.489174	0.791967	0.219726	1	0.914122	0.808511	0.365618	0.382
0.035487	0	0.646628	0	0.555556	0.421153	0.466529	0.176131	1	0.914122	0.808511	0.342163	0.398
0.001498	0	0.296921	0	0.277778	0.499329	0.897013	0.117433	0.173913	0.375954	0.882979	0.292494	0.402
0.061086	0	0.646628	0	0.674897	0.592834	0.981462	0.11145	1	0.914122	0.808511	0.441501	0.304
0.013337	0	0.785557	0	0.49177	0.529795	0.976313	0.103793	0.130435	0.477099	0.914894	0.290563	0.392
0.052405	0	0.646628	0	0.674897	0.462732	0.875386	0.131946	1	0.914122	0.808511	0.476821	0.254
0.024151	0	0.70088	0	1	0.396053	1	0.035192	0.173913	0.412214	0.223404	0.4117	0.312
0.000316	0.825	0.057551	0	0.061728	0.498371	0.365602	0.467441	0.043478	0.307252	0.223404	0.157285	0.482
0.002737	0	0.785557	0	0.49177	0.439931	0.981462	0.049014	0.130435	0.477099	0.914894	0.540563	0.266
0.104786	0	0.646628	0	0.674897	0.502778	0.986612	0.102938	1	0.914122	0.808511	0.452539	0.282
0.000565	0	0.108138	0	0.213992	0.66028	0.858908	0.208431	0.043478	0.158397	0.553191	0.104029	0.472
0.001829	0	0.923387	0	0.403292	0.464648	0.880536	0.078504	0.043478	0.001908	0.691489	0.360927	0.428
0.000669	0	0.073314	0	0.211934	0.805518	0.828012	0.146532	0.086957	0.01145	0.553191	0.160872	0.796
0.000283	0.95	0.037023	0	0.037037	0.654148	0.127703	0.59324	0.086957	0.410305	0.468085	0.078091	0.698
0.003889	0	0.785557	0	0.49177	0.554321	0.983522	0.065491	0.130435	0.477099	0.914894	0.354857	0.342
0.000335	0.8	0.164589	0	0.053498	0.588044	0.211123	0.362566	0.130435	0.110687	0.702128	0.081954	0.558
0.002423	0.2	0.23827	1	0.162551	0.791339	0.503605	0.294347	0.086957	0.068702	0.638298	0.13383	0.704
0.00065	0	0.201613	0	0.234568	0.454493	0.672503	0.202848	0.173913	0.175573	0.702128	0.219371	0.378
0.064346	0	0.646628	0	0.302469	0.670627	0.763131	0.207422	1	0.914122	0.808511	0.145695	0.5
0.000656	0.7	0.065249	0	0.030864	0.533436	0.177137	0.609099	0.173913	0.326336	0.234043	0.089404	0.45
0.000718	0	0.131598	0	0.257202	0.471163	0.456231	0.220544	0.173913	0.208015	0.425532	0.231236	0.464
0.063618	0	0.646628	0	0.730453	0.509293	1	0.079586	1	0.914122	0.808511	0.410044	0.296
0.026672	0	0.70088	0	1	0.49224	1	0.026326	0.173913	0.412214	0.223404	0.719371	0.276
0.000733	0	0.147727	0	0.131687	0.490515	0.555098	0.238067	0.086957	0.114504	0.62766	0.185155	0.444
0.014242	0	0.70088	1	0.452675	0.515233	0.92379	0.060817	0.173913	0.412214	0.223404	0.104029	0.54
0.000952	0	0.073314	0	0.211934	0.688638	0.91967	0.142858	0.086957	0.01145	0.553191	0.085265	0.758
0.083147	0	0.646628	0	0.436214	0.393945	0.978373	0.029563	1	0.914122	0.808511	0.68074	0.344
0.001452	0.125	0.205645	0	0.049383	0.389538	0.349125	0.488174	0.130435	0.301527	0.670213	0.313466	0.348
0.003749	0.22	0.197947	0	0.09465	0.488025	0.329557	0.629805	0.26087	0.272901	0.691489	0.205022	0.486
0.203196	0	0.646628	0	0.604938	0.550489	1	0.064118	1	0.914122	0.808511	0.753863	0.144
0.466707	0	0.646628	0	0.633745	0.377467	0.84964	0.043449	1	0.914122	0.808511	0.707781	0.17
0.000494	0.35	0.205279	0	0.108848	0.410998	0.262616	0.50115	0	0.223282	0.457447	0.295254	0.342
0.00876	0.2	0.128666	0	0.539095	0.661621	0.841401	0.091235	0.173913	0.146947	0.042553	0.360375	0.614
0.01553	0	0.281525	0	0.314815	0.457751	0.814624	0.26011	0.130435	0.229008	0.893617	0.716887	0.264
0.002155	0	0.371334	0	0.213992	0.502203	0.406797	0.256054	0.130435	0.171756	0.638298	0.213576	0.5
0.043199	0	0.646628	1	0.792181	0.543016	0.907312	0.12509	1	0.914122	0.808511	0.318433	0.434
0.001397	0	0.350073	0	0.333333	0.442805	0.722966	0.122571	0.217391	0.467557	0.553191	0.37638	0.408
0.000853	0.22	0.197947	0	0.09465	0.650699	0.040165	0.707208	0.26087	0.272901	0.691489	0.049669	0.592
0.001626	0	0.350073	0	0.333333	0.471355	0.820803	0.147114	0.217391	0.467557	0.553191	0.236479	0.384
0.278694	0	0.646628	0	0.633745	0.342594	0.958805	0.052124	1	0.914122	0.808511	0.497792	0.166
0.000438	0	0.420455	0	0.386831	0.490324	0.760041	0.105293	0	0.164122	0.893617	0.202815	0.412
0.001403	0	0.296921	0	0.277778	0.491665	0.84758	0.09028	0.173913	0.375954	0.882979	0.34106	0.408
0.003587	0	0.785557	0	0.49177	0.549914	0.987642	0.062099	0.130435	0.477099	0.914894	0.376932	0.36
0.000533	0	0.493402	0	0.106996	0.572523	0.495366	0.439287	0.130435	0.194656	0.361702	0.156181	0.542
0.002638	0	0.253666	0	0.222222	0.483234	0.420185	0.389773	0.173913	0.19084	0.744681	0.305188	0.444
0.059422	0	0.646628	0	0.648148	0.477103	0.819773	0.094408	1	0.914122	0.808511	0.469923	0.464
0.000102	0.9	0.120601	0	0.018519	0.745928	0.322348	0.473452	0.086957	0.108779	0.351064	0.038079	0.88
0.119877	0	0.646628	0	0.730453	0.555279	0.946447	0.078049	1	0.914122	0.808511	0.613962	0.236
0.00287	0	0.346041	0	0.32716	0.471738	0.901133	0.154989	0.130435	0.223282	0.617021	0.275662	0.388
0.070605	0	0.646628	0	0.730453	0.532669	0.962925	0.085697	1	0.914122	0.808511	0.443157	0.298
0.002957	0	0.346041	0	0.32716	0.518299	0.822863	0.193982	0.130435	0.223282	0.617021	0.170254	0.432
0.000391	0.25	0.16129	0	0.084362	0.60663	0.315139	0.388391	0.130435	0.179389	0.680851	0.098234	0.56
0.000678	0	0.131598	0	0.257202	0.571949	0.31102	0.182115	0.173913	0.208015	0.425532	0.099338	0.588
0.04532	0	0.646628	0	0.302469	0.511209	0.904222	0.179114	1	0.914122	0.808511	0.307395	0.392
0.00312	0	0.253666	0	0.222222	0.411381	0.735324	0.326592	0.173913	0.19084	0.744681	0.276214	0.37
0.018057	0	0.281525	0	0.314815	0.485725	0.968074	0.239176	0.130435	0.229008	0.893617	0.513521	0.27
0.003291	0.2	0.23827	0	0.162551	0.439739	0.403708	0.30003	0.086957	0.068702	0.638298	0.310982	0.422
0.000717	0	0.492302	0	0.339506	0.590343	0.84655	0.208377	0.173913	0.169847	0.404255	0.219647	0.574
0.000878	0	0.131598	0	0.257202	0.440314	0.677652	0.142977	0.173913	0.208015	0.425532	0.218267	0.452
0.016377	0	0.70088	0	0.452675	0.752635	0.905252	0.076503	0.173913	0.412214	0.223404	0	1
0.008489	0.2	0.128666	0	0.539095	0.383024	0.61689	0.077922	0.173913	0.146947	0.042553	0.240618	0.456
0.026552	0	0.70088	0	1	0.261544	0.955716	0.030118	0.173913	0.412214	0.223404	0.767108	0.292
0.050979	0	0.646628	0	0.792181	0.543591	0.876416	0.126272	1	0.914122	0.808511	0.167219	0.5
0.001853	0	0.296921	0	0.277778	0.435907	0.916581	0.098337	0.173913	0.375954	0.882979	0.467163	0.39
0.003954	0	0.210411	1	0.251029	0.64955	0.881565	0.157508	0.304348	0.229008	0.510638	0.220199	0.534
0.000352	0.8	0.038856	0	0.039095	0.711439	0.364573	0.561922	0.043478	0.270992	0	0.134934	0.692
0.121703	0	0.646628	0	0.604938	0.617168	0.905252	0.062736	1	0.914122	0.808511	0.663907	0.15
0.078182	0	0.646628	0	0.648148	0.41234	0.969104	0.072466	1	0.914122	0.808511	0.424393	0.302
0.010672	0	0.281525	0	0.314815	0.476336	0.884655	0.302249	0.130435	0.229008	0.893617	0.429084	0.296
0.000255	0.4	0.028959	0	0.090535	0.64725	0.325438	0.696787	0	0.282443	0.755319	0.11479	0.532
0.005133	0	0.210411	0	0.244856	0.737881	0.762101	0.231147	0.304348	0.229008	0.510638	0.09713	0.634
0.092851	0	0.646628	1	0.582305	0.44338	0.892894	0	1	0.914122	0.808511	0.197296	1
0.000293	0	0.06305	0	0.150206	0.658555	0.441813	0.448545	0.086957	0.066794	0.648936	0.033389	0.668
0.000974	0	0.923387	0	0.403292	0.459858	0.92688	0.087052	0.043478	0.001908	0.691489	0.44702	0.41
0.00547	0	0.346041	0	0.32716	0.589002	0.819773	0.198956	0.130435	0.223282	0.617021	0.077539	0.456
0.161036	0	0.646628	0	0.471193	0.511209	0.876416	0.074712	1	0.914122	0.808511	0.314018	0.428
0.0005	0	0.173387	0	0.26749	0.527879	0.362513	0.484573	0.173913	0.070611	0.808511	0.108996	0.444
0.007387	0.2	0.128666	0	0.539095	0.722744	1	0.069565	0.173913	0.146947	0.042553	0.167219	0.72
0.054016	0	0.646628	0	0.674897	0.601648	0.897013	0.133483	1	0.914122	0.808511	0.405353	0.328
0.0007	0	0.089076	0	0.123457	0.738647	0.6138	0.215115	0.043478	0.169847	0.574468	0.123068	0.664
0.006838	0	0.210411	0	0.251029	0.585744	0.802266	0.194828	0.304348	0.229008	0.510638	0.161976	0.602
0.006	0.2	0.128666	0	0.539095	0.697835	0.812564	0.089343	0.173913	0.146947	0.042553	0.216887	0.676
0.00197	0	0.253666	0	0.222222	0.539375	0.529351	0.31016	0.173913	0.19084	0.744681	0.141832	0.462
0.002842	0	0.785557	0	0.49177	0.408507	0.958805	0.059899	0.130435	0.477099	0.914894	0.4266	0.324
0.001941	0	0.338343	0	0.411523	0.4041	0.266735	0.15177	0.217391	0.389313	0.702128	0.437914	0.462
0.001315	0	0.350073	0	0.333333	0.450661	0.92688	0.111286	0.217391	0.467557	0.553191	0.399558	0.376
0.002138	0.22	0.197947	0	0.09465	0.510634	0.785788	0.629805	0.26087	0.272901	0.691489	0.23234	0.41
0.000554	0.7	0.065249	0	0.030864	0.666794	0.07312	0.609099	0.173913	0.326336	0.234043	0.083057	0.58
0.000319	0.35	0.205279	0	0.108848	0.473271	0.210093	0.50115	0	0.223282	0.457447	0.168322	0.388
0.011775	0	0.281525	0	0.314815	0.454876	0.271885	0.306359	0.130435	0.229008	0.893617	0.13383	0.462
0.000412	0.8	0.053152	0	0.057613	0.402759	0.195675	0.859888	0.130435	0.280534	1	0.174393	0.364
0.086161	0	0.646628	0	0.633745	0.418854	0.988671	0.045813	1	0.914122	0.808511	0.501932	0.17
0.031173	0	0.70088	0	1	0.257137	0.977343	0.019669	0.173913	0.412214	0.223404	0.760486	0.236
0.430994	0	0.646628	0	0.633745	0.362522	1	0.032736	1	0.914122	0.808511	0.796358	0.1
0.000734	0	0.923387	0	0.403292	0.468097	0.836251	0.0971	0.043478	0.001908	0.691489	0.346026	0.406
0.000215	0.55	0.121701	0	0.203704	0.60069	0.550978	0.418527	0.173913	0.349237	0.531915	0.150386	0.478
0.000856	0.3	0.163856	0	0.088477	0.559494	0.160659	0.460157	0.217391	0.215649	0.425532	0.127759	0.474
0.003071	0	0.338343	0	0.411523	0.453152	0.408857	0.113859	0.217391	0.389313	0.702128	0.327263	0.49
0.18889	0	0.646628	0	0.648148	0.328799	0.980433	0.026962	1	0.914122	0.808511	0.802428	0.144
0.281441	0	0.646628	0	0.633745	0.46484	1	0.041757	1	0.914122	0.808511	0.690949	0.112
0.053344	0	0.646628	0	0.674897	0.567925	0.860968	0.118779	1	0.914122	0.808511	0.452539	0.282
0.024085	0	0.70088	0	1	0.411573	0.984552	0.044885	0.173913	0.412214	0.223404	0.387969	0.388
0.064088	0	0.646628	0	0.302469	0.611037	0.741504	0.200247	1	0.914122	0.808511	0.165839	0.474
0.003643	0	0.210411	0	0.251029	0.483809	0.603502	0.229365	0.304348	0.229008	0.510638	0.252483	0.48
0.090474	0	0.646628	0	0.409465	0.35754	0.952626	0.118233	1	0.914122	0.808511	0.452815	0.276
0.003506	0	0.346041	0	0.32716	0.450853	0.826982	0.260892	0.130435	0.223282	0.617021	0.458057	0.356
0.763342	0	0.646628	0	0.633745	0.406591	1	0.026898	1	0.914122	0.808511	0.586369	0.1
0.114945	0	0.646628	0	0.471193	0.502778	0.966014	0.094654	1	0.914122	0.808511	0.449779	0.292
0.042359	0	0.646628	0	0.555556	0.458134	0.84243	0.158399	1	0.914122	0.808511	0.425497	0.38
0.005682	0	0.210411	0	0.251029	0.727534	0.707518	0.274477	0.304348	0.229008	0.510638	0.082781	0.63
0.000084	0.8	0	0	0.076132	0.826595	0.299691	0.410916	0.130435	0.129771	0.191489	0.034216	1
0.000948	0.45	0.109238	0	0.106996	0.64955	0.191555	0.486519	0.173913	0.402672	0.276596	0.092991	0.66
0.000401	0.28	0.534457	0	0.162551	0.552021	0.522142	0.230638	0.130435	0.158397	0.595745	0.177428	0.458
0.002426	0	0.350073	0	0.333333	0.484959	0.952626	0.128982	0.217391	0.467557	0.553191	0.423841	0.374
0.000983	0.125	0.271628	0	0.286008	0.446062	0.371782	0.392956	0.173913	0.236641	0.276596	0.385762	0.434
0.006004	0.2	0.128666	0	0.390947	0.748994	0.511843	0.158445	0.173913	0.146947	0.042553	0.039459	0.87
0.168788	0	0.646628	0	0.471193	0.333972	0.972194	0.088307	1	0.914122	0.808511	0.639625	0.24
0.00021	0	0.052419	0	0.273663	0.570799	0.584964	0.467159	0	0.448473	0.351064	0.190949	0.33
0.000525	0	0.108138	0	0.213992	0.674075	0.619979	0.207777	0.043478	0.158397	0.553191	0.109547	0.574
0.052159	0	0.646628	0	0.471193	0.655106	0.666323	0.127609	1	0.914122	0.808511	0.274007	0.596
0.009376	0	0.281525	0	0.314815	0.390496	0.852729	0.302358	0.130435	0.229008	0.893617	0.407837	0.278
0.00578	0	0.210411	1	0.251029	0.588235	0.757981	0.274477	0.304348	0.229008	0.510638	0.215508	0.502
0.04122	0	0.646628	0	0.407407	0.527112	0.504634	0.260264	1	0.914122	0.808511	0.244205	0.424
0.001008	0.4	0.218109	0	0.127572	0.630964	0.410917	0.285326	0.130435	0.127863	0.531915	0.034492	0.64
0.00043	0.25	0.16129	0	0.084362	0.585936	0.69516	0.388391	0.130435	0.179389	0.680851	0.15149	0.478
0.001625	0	1	0	0.460905	0.362713	0.92482	0.062863	0.130435	1	0.797872	0.450607	0.304
0.15994	0	0.646628	0	0.633745	0.533052	1	0.04042	1	0.914122	0.808511	0.512969	0.144
0.124781	0	0.646628	0	0.582305	0.257712	1	0.004056	1	0.914122	0.808511	0.9117	0.276
0.002303	0.125	0.271628	0	0.286008	0.396628	1	0.450354	0.173913	0.236641	0.276596	0.778146	0.33
0.002294	0.2	0.105205	0	0.119136	0.622916	0.301751	0.270176	0.173913	0.055344	0.244681	0.086093	0.702
0.001122	0.3	0.163856	0	0.088477	0.485534	0.640577	0.473452	0.217391	0.215649	0.425532	0.294426	0.402
0.000175	0.6	0.090543	0	0.032922	0.620617	0.072091	0.462858	0	0.148855	0.319149	0.09106	0.622
0.002245	0.22	0.197947	0	0.09465	0.389347	0.757981	0.620657	0.26087	0.272901	0.691489	0.297185	0.352
0.000579	0	0.073314	0	0.211934	0.655106	0.571576	0.154534	0.086957	0.01145	0.553191	0.091336	0.744
0.092636	0	0.646628	0	0.674897	0.73424	0.992791	0.120316	1	0.914122	0.808511	0.414183	0.356
0.00107	0	0.453446	0	0.106996	0.520789	0.737384	0.265766	0.173913	0.402672	0.648936	0.282561	0.4
0.000908	0	0.453446	0	0.106996	0.494156	0.441813	0.269249	0.173913	0.402672	0.648936	0.235651	0.416
0.0016	0	0.296921	0	0.277778	0.60663	0.792997	0.149879	0.173913	0.375954	0.882979	0.212196	0.55
0.000816	0	0.453446	0	0.106996	0.51964	0.031926	0.283889	0.173913	0.402672	0.648936	0.139349	0.482
0.826435	0	0.646628	0	0.604938	0.459092	1	0.061199	1	0.914122	0.808511	0.521247	0.176
0.000425	0.7	0.065249	0	0.030864	0.634221	0.45829	0.609099	0.173913	0.326336	0.234043	0.119757	0.496
0.015946	0	0.70088	0	1	0.565051	1	0.057862	0.173913	0.412214	0.223404	0.156181	0.466
0.000948	0.2	0.23827	1	0.162551	0.452002	0.603502	0.253517	0.086957	0.068702	0.638298	0.328918	0.414
0.00199	0	1	0	0.460905	0.355049	0.982492	0.056907	0.130435	1	0.797872	0.613687	0.14
0.000421	0.8	0.106672	0	0.026749	0.426518	0.290422	0.498495	0.130435	0.28626	0.37234	0.234823	0.388
0.178353	0	0.646628	0	0.588477	0.571757	0.990731	0.035428	1	0.914122	0.808511	0.53394	0.218
0.001249	0.125	0.271628	0	0.286008	0.469055	0.823893	0.463503	0.173913	0.236641	0.276596	0.318433	0.378
0.006803	0.2	0.128666	0	0.539095	0.985438	0.865088	0.061054	0.173913	0.146947	0.042553	0.093543	1
0.000998	0	0.453446	0	0.106996	0.522131	0.433574	0.306723	0.173913	0.402672	0.648936	0.198951	0.428
0.000815	0.8	0.164589	0	0.053498	0.687296	0.255407	0.362566	0.130435	0.110687	0.702128	0.050497	0.746
0.04004	0	0.646628	0	0.401235	0.551063	0.742533	0.160673	1	0.914122	0.808511	0.34851	0.464
0.000823	0.6	0.045088	0	0.053498	0.578272	0.339856	0.871218	0.130435	0.427481	0.606383	0.103753	0.482
0.004448	0	0.346041	0	0.32716	0.540525	0.662204	0.218507	0.130435	0.223282	0.617021	0.238135	0.462
0.000609	0	0.073314	0	0.211934	0.496647	0.678682	0.195519	0.086957	0.01145	0.553191	0.315121	0.592
0.065929	0	0.646628	0	0.633745	0.544932	0.958805	0.049759	1	0.914122	0.808511	0.486755	0.25
0.000612	0	0.420455	0	0.386831	0.65434	0.907312	0.094381	0	0.164122	0.893617	0.107892	0.478
0.000814	0.45	0.109238	0	0.106996	0.617168	0.393409	0.241795	0.173913	0.402672	0.276596	0.136589	0.64
0.008362	0	0.281525	0	0.314815	0.452769	0.939238	0.297357	0.130435	0.229008	0.893617	0.402042	0.312
0.001213	0	0.492302	1	0.339506	0.538801	0.92173	0.203121	0.173913	0.169847	0.404255	0.241998	0.46
0.001308	0	0.236437	0	0.12963	0.480552	0.38208	0.417509	0.086957	0.087786	0.56383	0.215784	0.424
0.161036	0	0.646628	0	0.648148	0.25273	1	0.041821	1	0.914122	0.808511	0.797185	0.204
0.009205	0.2	0.128666	0	0.539095	0.721594	0.943357	0.086315	0.173913	0.146947	0.042553	0.262693	0.62
0.025937	0	0.70088	0	0.452675	0.444338	0.972194	0.114496	0.173913	0.412214	0.223404	0.284216	0.382
0.004826	0	0.371334	1	0.213992	0.341636	1	0.249652	0.130435	0.171756	0.638298	0.589404	0.4
0.001554	0.125	0.271628	0	0.286008	0.500287	0.959835	0.438387	0.173913	0.236641	0.276596	0.480684	0.442
0.009506	0	0.281525	0	0.314815	0.460625	0.888774	0.262138	0.130435	0.229008	0.893617	0.333885	0.392
0.003555	0	0.785557	0	0.49177	0.456218	0.933059	0.07614	0.130435	0.477099	0.914894	0.418598	0.348
0.001508	0	0.371334	0	0.213992	0.539184	0.302781	0.256054	0.130435	0.171756	0.638298	0.211093	0.562
0	0.18	0.067815	0	0.314815	0.577505	0.641607	0.269203	0	0.208015	0.287234	0.08968	0.48
1	0	0.646628	0	0.588477	0.652807	0.916581	0.026089	1	0.914122	0.808511	0.427152	0.208
0.022523	0	0.70088	0	0.452675	0.836942	0.960865	0.083323	0.173913	0.412214	0.223404	0.05436	1
0.0025	0	0.296921	0	0.277778	0.544932	0.84964	0.144141	0.173913	0.375954	0.882979	0.245585	0.372
0.001556	0	0.350073	0	0.333333	0.415788	0.641607	0.148187	0.217391	0.467557	0.553191	0.327815	0.386
0.153668	0	0.646628	0	0.730453	0.454876	0.875386	0.062836	1	0.914122	0.808511	0.891004	0.168
0.000903	0.45	0.109238	0	0.106996	0.693045	0.240989	0.486519	0.173913	0.402672	0.276596	0.031457	0.728
0.005775	0.2	0.128666	0	0.539095	0.926806	0.912461	0.105384	0.173913	0.146947	0.042553	0.115342	0.976
0.001506	0.22	0.197947	0	0.09465	0.560644	0.104016	0.569897	0.26087	0.272901	0.691489	0.115066	0.488
0.178195	0	0.646628	0	0.604938	0.447404	0.952626	0.070929	1	0.914122	0.808511	0.625276	0.166
0.00334	0	0.253666	0	0.222222	0.527112	0.267765	0.389773	0.173913	0.19084	0.744681	0.121965	0.46
0.000743	0.6	0.045088	0	0.053498	0.445104	0.160659	0.871218	0.130435	0.427481	0.606383	0.167219	0.372
0.001106	0.4	0.218109	1	0.127572	0.710098	0.474768	0.332603	0.130435	0.127863	0.531915	0.119205	0.664
0.013682	0	0.70088	0	0.452675	0.648017	0.973223	0.067992	0.173913	0.412214	0.223404	0.078918	0.826
0.104896	0	0.646628	0	0.604938	0.540142	0.954686	0.076258	1	0.914122	0.808511	0.616722	0.19
0.001287	0	0.089076	0	0.123457	0.863767	0.752832	0.215115	0.043478	0.169847	0.574468	0.068433	0.774
0.002457	0.125	0.271628	0	0.286008	0.539567	0.941298	0.474416	0.173913	0.236641	0.276596	0.516556	0.3
0.001519	0	0.236437	0	0.12963	0.499713	0.038105	0.417509	0.086957	0.087786	0.56383	0.112583	0.506
0.008813	0	0.346041	0	0.32716	0.490707	0.513903	0.137375	0.130435	0.223282	0.617021	0.117274	0.442
0.001665	0.25	0.171188	0	0.139918	0.495114	0.270855	0.607917	0.304348	0.185115	0.755319	0.141556	0.466
0.079174	0	0.646628	0	0.471193	0.487066	0.84655	0.081132	1	0.914122	0.808511	0.594923	0.268
0.000252	0.28	0.534457	0	0.162551	0.50776	0.267765	0.230638	0.130435	0.158397	0.595745	0.12362	0.5
0.000685	0	0.101906	0	0.154321	0.531136	0.147271	0.371468	0.130435	0.46374	0.457447	0.154801	0.452
0.001024	0	0.201613	0	0.234568	0.436865	0.602472	0.204449	0.173913	0.175573	0.702128	0.267108	0.4
0.01582	0	0.70088	1	1	0.492048	0.958805	0.056361	0.173913	0.412214	0.223404	0.369481	0.34
0.001222	0	0.089076	0	0.123457	0.498563	0.686921	0.215115	0.043478	0.169847	0.574468	0.265177	0.428
0.065389	0	0.646628	0	0.302469	0.5137	0.636457	0.208659	1	0.914122	0.808511	0.24862	0.46
0.170517	0	0.646628	0	0.730453	0.496455	1	0.071347	1	0.914122	0.808511	0.682119	0.164
0.001859	0.25	0.171188	0	0.139918	0.460816	0.932029	0.517319	0.304348	0.185115	0.755319	0.350717	0.32
0.004564	0	0.210411	0	0.244856	0.690171	0.792997	0.189699	0.304348	0.229008	0.510638	0.127759	0.632
0.007481	0	0.281525	0	0.314815	0.4315	0.900103	0.323036	0.130435	0.229008	0.893617	0.360927	0.332
0.207844	0	0.646628	0	0.582305	0.110558	1	0.000673	1	0.914122	0.808511	1	0.276
0.006981	0	0.281525	0	0.314815	0.435524	0.552008	0.306359	0.130435	0.229008	0.893617	0.185982	0.398
0.000706	0.45	0.109238	0	0.106996	0.608929	0.287333	0.486519	0.173913	0.402672	0.276596	0.081678	0.61
0.020164	0	0.70088	0	0.452675	0.443763	0.785788	0.117879	0.173913	0.412214	0.223404	0.287252	0.476
0.574683	0	0.646628	0	0.436214	0.42077	1	0.025771	1	0.914122	0.808511	0.231236	0.3
0.137585	0	0.646628	0	0.409465	0.436099	0.584964	0.078931	1	0.914122	0.808511	0.38521	0.204
0.002511	0	0.371334	0	0.213992	0.529795	0.510814	0.293292	0.130435	0.171756	0.638298	0.254967	0.488
0.008617	0	0.281525	0	0.314815	0.562177	0.942327	0.302367	0.130435	0.229008	0.893617	0.305464	0.368
0.000849	0	0.089076	0	0.123457	0.816057	0.350154	0.215115	0.043478	0.169847	0.574468	0.050773	0.876
0.000676	0	0.131598	0	0.257202	0.632113	0.736354	0.162382	0.173913	0.208015	0.425532	0.143212	0.598
0.001142	0	0.296921	0	0.277778	0.504694	0.530381	0.149879	0.173913	0.375954	0.882979	0.310982	0.434
0.001343	0.45	0.109238	0	0.106996	0.573865	0.269825	0.312552	0.173913	0.402672	0.276596	0.078091	0.596
0.002685	0	0.346041	0	0.32716	0.42556	0.708548	0.263902	0.130435	0.223282	0.617021	0.392108	0.396
0.004153	0	0.371334	1	0.213992	0.353133	0.882595	0.230556	0.130435	0.171756	0.638298	0.613962	0.386
0.274109	0	0.646628	0	0.648148	0.209044	1	0.0307	1	0.914122	0.808511	0.732616	0.21
0.006049	0	0.785557	0	0.49177	0.496264	0.978373	0.049023	0.130435	0.477099	0.914894	0.461645	0.356
0.082734	0	0.646628	0	0.604938	0.504311	0.774459	0.073293	1	0.914122	0.808511	0.546082	0.22
0.089763	0	0.646628	0	0.648148	0.375359	1	0.036692	1	0.914122	0.808511	0.629967	0.246
0.002779	0	0.346041	0	0.32716	0.410807	0.77034	0.256018	0.130435	0.223282	0.617021	0.269592	0.324
0.225678	0	0.646628	0	0.648148	0.154627	0.909372	0.028181	1	0.914122	0.808511	0.797461	0.176
0.00024	0.75	0.091276	0	0.088477	0.581337	0.194645	0.388428	0.086957	0.124046	0.606383	0.071468	0.616
0.001607	0.25	0.171188	0	0.139918	0.417705	0.651905	0.55432	0.304348	0.185115	0.755319	0.315121	0.374
0.001856	0	0.236437	0	0.12963	0.4064	0.318229	0.361084	0.086957	0.087786	0.56383	0.233996	0.386
0.00097	0.34	0.206378	0	0.098765	0.562177	0.159629	0.396666	0.26087	0.270992	0.37234	0.191501	0.528
0.000969	0.3	0.163856	0	0.088477	0.583445	0.404737	0.460157	0.217391	0.215649	0.425532	0.155629	0.466
0.006395	0	0.210411	0	0.251029	0.915118	0.725026	0.246324	0.304348	0.229008	0.510638	0.020419	0.834
0.000564	0	0.453446	0	0.106996	0.511784	0.523172	0.353236	0.173913	0.402672	0.648936	0.29277	0.424
0.00189	0	0.371334	1	0.213992	0.459667	0.918641	0.249843	0.130435	0.171756	0.638298	0.428808	0.434
0.001777	0.22	0.197947	0	0.09465	0.550297	0.475798	0.608981	0.26087	0.272901	0.691489	0.214956	0.49
0.001368	0	0.296921	0	0.277778	0.558153	0.970134	0.118515	0.173913	0.375954	0.882979	0.290839	0.396
0.000462	0	0.420455	0	0.386831	0.473079	0.802266	0.125072	0	0.164122	0.893617	0.169702	0.38
0.109226	0	0.646628	0	0.730453	0.545124	0.971164	0.085069	1	0.914122	0.808511	0.490894	0.342
0.031607	0	0.646628	0	0.302469	0.421728	0.38517	0.269958	1	0.914122	0.808511	0.23979	0.436
0.015156	0	0.281525	0	0.314815	0.481127	1	0.276933	0.130435	0.229008	0.893617	0.312086	0.29
0.00016	0.85	0.010264	0	0.05144	0.540717	0.337796	0.732752	0.043478	0.240458	0.5	0.111479	0.494
0.000673	0	0.101906	0	0.154321	0.442039	0.235839	0.371468	0.130435	0.46374	0.457447	0.227373	0.386
0.000563	0.4	0.218109	1	0.127572	0.612569	0.30896	0.268076	0.130435	0.127863	0.531915	0.049669	0.648
0.000374	0	0.173387	0	0.26749	0.47442	0.325438	0.441552	0.173913	0.070611	0.808511	0.173289	0.422
0.000471	0.8	0.116569	0	0.014403	0.488025	0.299691	0.735726	0	0.244275	0.404255	0.133554	0.438
0.162015	0	0.646628	0	0.730453	0.555662	0.930999	0.079386	1	0.914122	0.808511	0.450331	0.192
0.000236	0	0.242302	0	0.17284	0.694386	0.599382	0.348962	0.043478	0.104962	0.553191	0.063466	0.694
0.005273	0	0.346041	0	0.32716	0.488983	0.575695	0.261192	0.130435	0.223282	0.617021	0.303532	0.42
0.027461	0	0.70088	0	0.452675	0.544357	0.950566	0.10302	0.173913	0.412214	0.223404	0.264625	0.446
0.011039	0	0.281525	0	0.314815	0.4315	1	0.269676	0.130435	0.229008	0.893617	0.500828	0.29
0.043054	0	0.646628	0	0.792181	0.515424	0.908342	0.106021	1	0.914122	0.808511	0.343819	0.398
0.000327	0.34	0.206378	0	0.098765	0.580379	0.3862	0.396666	0.26087	0.270992	0.37234	0.214404	0.44
0.003751	0	0.785557	0	0.49177	0.555087	0.988671	0.089925	0.130435	0.477099	0.914894	0.299945	0.384
0.025785	0	0.70088	0	0.452675	0.528454	0.959835	0.088243	0.173913	0.412214	0.223404	0.258554	0.476
0.00109	0.25	0.171188	0	0.139918	0.453344	0.456231	0.52764	0.304348	0.185115	0.755319	0.206678	0.392
0.291495	0	0.646628	0	0.604938	0.333972	0.887745	0.047095	1	0.914122	0.808511	0.687362	0.208
0.247778	0	0.646628	0	0.730453	0.432458	0.92173	0.066983	1	0.914122	0.808511	0.562362	0.21
0.001619	0	0.923387	0	0.403292	0.439739	0.969104	0.074094	0.043478	0.001908	0.691489	0.653422	0.346
0.000412	0.525	0.178152	0	0.041152	0.575589	0.205973	0.562668	0.217391	0.20229	0.425532	0.21468	0.496
0.000082	0.75	0.129765	0	0.05144	0.445871	0.46035	0.562895	0.086957	0.538168	0.904255	0.360651	0.378
0.000139	0.85	0.135264	0	0.090535	0.5662	0.255407	0.673435	0.130435	0.312977	0.56383	0.127759	0.462
0.001456	0	0.371334	1	0.213992	0.479594	0.578785	0.282771	0.130435	0.171756	0.638298	0.356788	0.488
0.001751	0.2	0.23827	0	0.162551	0.513317	0.138002	0.30003	0.086957	0.068702	0.638298	0.134106	0.504
0.000455	0	0.108138	0	0.213992	0.547231	0.650875	0.178478	0.043478	0.158397	0.553191	0.195364	0.452
0.00062	0	0.173387	0	0.26749	0.461199	0.572606	0.334876	0.173913	0.070611	0.808511	0.208609	0.374
0.000772	0.33	0.06305	0	0.179012	0.739414	0.710608	0.179105	0.26087	0.066794	0.617021	0.130795	0.668
0.103698	0	0.646628	0	0.506173	0.508718	1	0.003592	1	0.914122	0.808511	0.215232	1
0.018549	0	0.70088	0	1	0.490707	0.972194	0.044413	0.173913	0.412214	0.223404	0.341336	0.43
0.0135	0	0.70088	0	0.452675	0.44338	0.944387	0.117879	0.173913	0.412214	0.223404	0.350442	0.348
0.057141	0	0.646628	0	0.674897	0.524238	0.915551	0.112632	1	0.914122	0.808511	0.428808	0.322
0.000129	0.95	0.037023	0	0.037037	0.684806	0.113285	0.59324	0.086957	0.410305	0.468085	0.075055	0.658
0.200746	0	0.646628	0	0.588477	0.510059	1	0.023325	1	0.914122	0.808511	0.553256	0.204
0.132696	0	0.646628	0	0.685185	0.625216	0.757981	0.060417	1	0.914122	0.808511	0.579746	0.168
0.001036	0	0.923387	0	0.403292	0.444146	0.956746	0.079722	0.043478	0.001908	0.691489	0.437362	0.376
0.001928	0	0.338343	0	0.411523	0.384748	0.727085	0.115514	0.217391	0.389313	0.702128	0.368929	0.35
0.063658	0	0.646628	1	0.506173	0.598199	0.967044	0.020651	1	0.914122	0.808511	0.055188	1
0.002046	0	0.236437	0	0.12963	0.426327	0.313079	0.361084	0.086957	0.087786	0.56383	0.342715	0.4
0.000512	0	0.147727	0	0.131687	0.470205	0.434604	0.299866	0.086957	0.114504	0.62766	0.307119	0.45
0.051136	0	0.646628	0	0.685185	0	0.875386	0.043976	1	0.914122	0.808511	0.148731	0.55
0.013999	0	0.281525	0	0.314815	0.38494	0.980433	0.242641	0.130435	0.229008	0.893617	0.532285	0.272
0.008951	0	0.281525	0	0.314815	0.363096	0.347065	0.242514	0.130435	0.229008	0.893617	0.274834	0.404
0.000531	0.21	0.189883	0	0.111111	0.565242	0.187436	0.516973	0.130435	0.10687	0.446809	0.097958	0.5
0.220331	0	0.646628	0	0.588477	0.718912	0.978373	0.016978	1	0.914122	0.808511	0.323124	0.3
0.001217	0.2	0.23827	0	0.162551	0.570416	0.574665	0.253517	0.086957	0.068702	0.638298	0.165563	0.488
0.000545	0.33	0.06305	0	0.179012	0.585361	0.568486	0.20373	0.26087	0.066794	0.617021	0.198675	0.568
0.000618	0.4	0.218109	1	0.127572	0.625599	0.254377	0.339477	0.130435	0.127863	0.531915	0.067053	0.662
0.000453	0.8	0.038856	0	0.039095	0.679441	0.347065	0.561922	0.043478	0.270992	0	0.189845	0.606
0.00083	0	0.201613	0	0.234568	0.43859	0.397528	0.255036	0.173913	0.175573	0.702128	0.19426	0.42
0.001855	0	0.350073	0	0.333333	0.453535	0.878476	0.121261	0.217391	0.467557	0.553191	0.387141	0.366
0.087062	0	0.646628	0	0.674897	0.525005	0.832132	0.150361	1	0.914122	0.808511	0.40011	0.298
0.005852	0	0.210411	0	0.244856	0.989462	0.824923	0.160482	0.304348	0.229008	0.510638	0.080022	1
0.001086	0.3	0.163856	0	0.088477	0.535926	0.514933	0.537051	0.217391	0.215649	0.425532	0.261865	0.444
0.054682	0	0.646628	0	0.471193	0.560069	0.934089	0.106912	1	0.914122	0.808511	0.467715	0.334
0.001493	0	0.131598	0	0.257202	0.385323	0.881565	0.133356	0.173913	0.208015	0.425532	0.357616	0.462
0.003281	0	0.210411	0	0.244856	0.790381	0.145211	0.204194	0.304348	0.229008	0.510638	0.06043	0.934
0.002506	0	0.236437	0	0.12963	0.473079	0.850669	0.414644	0.086957	0.087786	0.56383	0.471026	0.332
0.000959	0	0.379399	0	0.057613	0.479785	0.050463	0.378079	0.130435	0.225191	0.702128	0.104581	0.456
0.000076	0.9	0.027859	0	0.037037	0.706649	0.195675	0.688103	0.173913	0.074427	0.56383	0.084989	0.708
0.124549	0	0.646628	0	0.685185	0.546082	1	0.066319	1	0.914122	0.808511	0.366722	0.334
0.005965	0	0.210411	0	0.244856	0.46369	0.671473	0.231147	0.304348	0.229008	0.510638	0.273731	0.486
0.013782	0	0.281525	0	0.314815	0.494539	0.914521	0.258918	0.130435	0.229008	0.893617	0.468819	0.304
0.076372	0	0.646628	0	0.674897	0.482851	0.839341	0.144395	1	0.914122	0.808511	0.357892	0.4
0.253915	0	0.646628	0	0.648148	0.275723	0.891864	0.035355	1	0.914122	0.808511	0.834989	0.148
0.002451	0	0.338343	0	0.411523	0.472504	0.790937	0.124453	0.217391	0.389313	0.702128	0.347682	0.336
0.007099	0	0.281525	0	0.314815	0.485725	0.840371	0.303022	0.130435	0.229008	0.893617	0.235375	0.364
0.000826	0.4	0.218109	0	0.127572	0.559686	0.300721	0.273777	0.130435	0.127863	0.531915	0.150662	0.582
0.000098	0.8	0.056818	0	0.102881	0.589002	0.276004	0.656039	0.130435	0.177481	0.468085	0.11755	0.49
0.006938	0	0.210411	1	0.251029	0.635754	0.77034	0.194828	0.304348	0.229008	0.510638	0.226269	0.55
0.105477	0	0.646628	0	0.730453	0.395861	0.937178	0.062527	1	0.914122	0.808511	0.583609	0.256
0.00044	0	0.101906	0	0.154321	0.494922	0.301751	0.431394	0.130435	0.46374	0.457447	0.203091	0.396
0.00038	0.8	0.038856	0	0.039095	0.71393	0.321318	0.561922	0.043478	0.270992	0	0.064845	0.666
0.006198	0	0.785557	0	0.49177	0.531519	0.981462	0.089216	0.130435	0.477099	0.914894	0.420254	0.362
0.016747	0	0.70088	0	1	0.353133	1	0.042012	0.173913	0.412214	0.223404	0.318709	0.392
0.000371	0	0.108138	0	0.213992	0.544932	0.731205	0.178459	0.043478	0.158397	0.553191	0.178532	0.44
0.151915	0	0.646628	0	0.506173	0.057865	1	0.034646	1	0.914122	0.808511	0.320088	0.462
0.074729	0	0.646628	0	0.674897	0.528071	0.824923	0.145932	1	0.914122	0.808511	0.3383	0.39
0.000627	0.4	0.028959	0	0.090535	0.561219	0.427394	0.696787	0	0.282443	0.755319	0.117274	0.458
0.038979	0	0.646628	1	0.685185	1	0.823893	0.070483	1	0.914122	0.808511	0.098234	0.438
0.001363	0.3	0.163856	0	0.088477	0.542633	0.050463	0.537051	0.217391	0.215649	0.425532	0.095475	0.474
0.030658	0	0.70088	0	1	0.390113	0.947477	0.036019	0.173913	0.412214	0.223404	0.54415	0.308
0.232774	0	0.646628	0	0.563786	0.110558	1	0.00441	1	0.914122	0.808511	0.596302	0.238
