0	46.704679	9.899457
1	12.425641	6.242229
2	8.799896	4.611389
3	7.190433	3.650220
4	6.180826	2.993833
5	5.465570	2.506844
6	4.927991	2.128846
7	4.510935	1.828117
8	4.181241	1.585502
9	3.917291	1.388129
10	3.703913	1.226695
11	3.529973	1.094155
12	3.387064	0.985017
13	3.268728	0.894924
14	3.169942	0.820384
15	3.086765	0.758577
16	3.016089	0.707216
17	2.955451	0.664440
18	2.902891	0.628730
19	2.856849	0.598847
20	2.816078	0.573776
21	2.779582	0.552683
22	2.746565	0.534888
23	2.716388	0.519830
24	2.688540	0.507046
25	2.662613	0.496159
26	2.638277	0.486855
27	2.615270	0.478876
28	2.593380	0.472009
29	2.572438	0.466078
30	2.552308	0.460937
31	2.532881	0.456464
32	2.514067	0.452559
33	2.495796	0.449139
34	2.478011	0.446133
35	2.460666	0.443485
36	2.443721	0.441144
37	2.427146	0.439071
38	2.410916	0.437232
39	2.395011	0.435597
40	2.379411	0.434143
41	2.364103	0.432849
42	2.349074	0.431698
43	2.334314	0.430675
44	2.319812	0.429768
45	2.305562	0.428966
46	2.291556	0.428260
47	2.277787	0.427642
48	2.264250	0.427106
49	2.250938	0.426644
50	2.237847	0.426253
51	2.224972	0.425927
52	2.212309	0.425662
53	2.199853	0.425456
54	2.187599	0.425304
55	2.175545	0.425204
56	2.163685	0.425153
57	2.152017	0.425149
58	2.140536	0.425190
59	2.129239	0.425273
60	2.118123	0.425397
61	2.107183	0.425561
62	2.096417	0.425762
63	2.085822	0.425998
64	2.075393	0.426270
65	2.065128	0.426574
66	2.055024	0.426911
67	2.045077	0.427278
68	2.035285	0.427674
69	2.025645	0.428099
70	2.016153	0.428551
71	2.006808	0.429029
72	1.997605	0.429531
73	1.988543	0.430058
74	1.979619	0.430608
75	1.970830	0.431180
76	1.962174	0.431774
77	1.953647	0.432387
78	1.945248	0.433020
79	1.936975	0.433672
80	1.928824	0.434341
81	1.920793	0.435028
82	1.912881	0.435730
83	1.905085	0.436448
84	1.897403	0.437181
85	1.889832	0.437927
86	1.882371	0.438687
87	1.875017	0.439460
88	1.867769	0.440244
89	1.860625	0.441040
90	1.853582	0.441846
91	1.846639	0.442662
92	1.839794	0.443488
93	1.833046	0.444322
94	1.826391	0.445165
95	1.819829	0.446016
96	1.813359	0.446873
97	1.806977	0.447738
98	1.800683	0.448608
99	1.794475	0.449485
100	1.788352	0.450366
101	1.782312	0.451253
102	1.776353	0.452143
103	1.770475	0.453038
104	1.764675	0.453936
105	1.758952	0.454837
106	1.753305	0.455741
107	1.747733	0.456647
108	1.742234	0.457555
109	1.736806	0.458465
110	1.731450	0.459376
111	1.726162	0.460288
112	1.720943	0.461200
113	1.715791	0.462113
114	1.710705	0.463026
115	1.705683	0.463938
116	1.700726	0.464850
117	1.695830	0.465761
118	1.690996	0.466671
119	1.686222	0.467579
120	1.681508	0.468486
121	1.676852	0.469391
122	1.672253	0.470294
123	1.667711	0.471195
124	1.663224	0.472093
125	1.658792	0.472988
126	1.654413	0.473881
127	1.650087	0.474770
128	1.645812	0.475656
129	1.641589	0.476539
130	1.637416	0.477418
131	1.633292	0.478293
132	1.629216	0.479165
133	1.625188	0.480032
134	1.621207	0.480895
135	1.617272	0.481754
136	1.613382	0.482609
137	1.609538	0.483459
138	1.605737	0.484304
139	1.601979	0.485144
140	1.598263	0.485980
141	1.594590	0.486810
142	1.590958	0.487635
143	1.587366	0.488456
144	1.583814	0.489270
145	1.580301	0.490080
146	1.576827	0.490884
147	1.573391	0.491683
148	1.569993	0.492476
149	1.566631	0.493263
150	1.563305	0.494045
151	1.560015	0.494821
152	1.556761	0.495591
153	1.553541	0.496355
154	1.550355	0.497113
155	1.547202	0.497866
156	1.544083	0.498612
157	1.540996	0.499353
158	1.537941	0.500087
159	1.534918	0.500815
160	1.531925	0.501537
161	1.528964	0.502253
162	1.526032	0.502963
163	1.523131	0.503667
164	1.520258	0.504364
165	1.517415	0.505055
166	1.514599	0.505740
167	1.511812	0.506419
168	1.509053	0.507091
169	1.506320	0.507757
170	1.503614	0.508417
171	1.500935	0.509071
172	1.498282	0.509718
173	1.495654	0.510359
174	1.493052	0.510994
175	1.490474	0.511623
176	1.487921	0.512245
177	1.485393	0.512861
178	1.482888	0.513471
179	1.480406	0.514075
180	1.477948	0.514672
181	1.475513	0.515263
182	1.473100	0.515848
183	1.470709	0.516427
184	1.468340	0.517000
185	1.465993	0.517566
186	1.463668	0.518127
187	1.461363	0.518681
188	1.459079	0.519230
189	1.456815	0.519772
190	1.454572	0.520308
191	1.452348	0.520838
192	1.450144	0.521363
193	1.447960	0.521881
194	1.445794	0.522393
195	1.443648	0.522900
196	1.441520	0.523400
197	1.439410	0.523895
198	1.437318	0.524384
199	1.435245	0.524867
200	1.433188	0.525345
201	1.431150	0.525817
202	1.429128	0.526283
203	1.427123	0.526743
204	1.425136	0.527198
205	1.423164	0.527647
206	1.421209	0.528091
207	1.419270	0.528529
208	1.417347	0.528962
209	1.415439	0.529389
210	1.413547	0.529811
211	1.411671	0.530227
212	1.409809	0.530638
213	1.407962	0.531044
214	1.406130	0.531445
215	1.404312	0.531840
216	1.402509	0.532231
217	1.400720	0.532616
218	1.398945	0.532995
219	1.397184	0.533370
220	1.395436	0.533740
221	1.393702	0.534105
222	1.391981	0.534465
223	1.390274	0.534820
224	1.388579	0.535170
225	1.386897	0.535515
226	1.385228	0.535855
227	1.383572	0.536191
228	1.381927	0.536522
229	1.380295	0.536848
230	1.378676	0.537170
231	1.377068	0.537487
232	1.375471	0.537799
233	1.373887	0.538107
234	1.372314	0.538410
235	1.370752	0.538709
236	1.369202	0.539003
237	1.367663	0.539293
238	1.366135	0.539579
239	1.364618	0.539860
240	1.363111	0.540138
241	1.361615	0.540410
242	1.360130	0.540679
243	1.358655	0.540944
244	1.357190	0.541204
245	1.355736	0.541460
246	1.354291	0.541713
247	1.352856	0.541961
248	1.351432	0.542205
249	1.350017	0.542446
250	1.348611	0.542682
251	1.347215	0.542915
252	1.345829	0.543143
253	1.344452	0.543368
254	1.343084	0.543590
255	1.341725	0.543807
256	1.340375	0.544021
257	1.339034	0.544231
258	1.337701	0.544438
259	1.336378	0.544641
260	1.335063	0.544840
261	1.333756	0.545036
262	1.332458	0.545229
263	1.331169	0.545418
264	1.329888	0.545604
265	1.328614	0.545786
266	1.327349	0.545965
267	1.326092	0.546141
268	1.324843	0.546313
269	1.323602	0.546482
270	1.322368	0.546648
271	1.321142	0.546811
272	1.319924	0.546970
273	1.318713	0.547127
274	1.317510	0.547280
275	1.316314	0.547431
276	1.315125	0.547578
277	1.313944	0.547723
278	1.312770	0.547864
279	1.311602	0.548003
280	1.310442	0.548139
281	1.309289	0.548271
282	1.308143	0.548401
283	1.307003	0.548529
284	1.305870	0.548653
285	1.304744	0.548775
286	1.303625	0.548894
287	1.302512	0.549010
288	1.301405	0.549124
289	1.300305	0.549235
290	1.299211	0.549344
291	1.298124	0.549449
292	1.297043	0.549553
293	1.295968	0.549654
294	1.294899	0.549752
295	1.293836	0.549848
296	1.292779	0.549942
297	1.291728	0.550033
298	1.290684	0.550121
299	1.289644	0.550208
300	1.288611	0.550292
301	1.287584	0.550374
302	1.286562	0.550453
303	1.285545	0.550530
304	1.284535	0.550605
305	1.283530	0.550678
306	1.282530	0.550749
307	1.281536	0.550818
308	1.280547	0.550884
309	1.279563	0.550948
310	1.278585	0.551010
311	1.277612	0.551071
312	1.276644	0.551129
313	1.275682	0.551185
314	1.274724	0.551239
315	1.273771	0.551291
316	1.272824	0.551342
317	1.271881	0.551390
318	1.270944	0.551436
319	1.270011	0.551481
320	1.269083	0.551524
321	1.268160	0.551565
322	1.267242	0.551604
323	1.266328	0.551641
324	1.265419	0.551677
325	1.264515	0.551710
326	1.263615	0.551742
327	1.262720	0.551773
328	1.261830	0.551802
329	1.260944	0.551829
330	1.260062	0.551854
331	1.259185	0.551878
332	1.258312	0.551900
333	1.257443	0.551920
334	1.256579	0.551939
335	1.255719	0.551957
336	1.254863	0.551973
337	1.254012	0.551987
338	1.253165	0.552000
339	1.252321	0.552011
340	1.251482	0.552021
341	1.250647	0.552030
342	1.249816	0.552037
343	1.248989	0.552043
344	1.248166	0.552047
345	1.247347	0.552050
346	1.246532	0.552051
347	1.245720	0.552051
348	1.244913	0.552050
349	1.244109	0.552048
350	1.243309	0.552044
351	1.242513	0.552039
352	1.241721	0.552033
353	1.240932	0.552025
354	1.240147	0.552017
355	1.239366	0.552007
356	1.238588	0.551995
357	1.237814	0.551983
358	1.237043	0.551969
359	1.236276	0.551955
360	1.235512	0.551939
361	1.234752	0.551922
362	1.233996	0.551904
363	1.233242	0.551885
364	1.232493	0.551864
365	1.231746	0.551843
366	1.231003	0.551820
367	1.230263	0.551797
368	1.229527	0.551772
369	1.228794	0.551747
370	1.228064	0.551720
371	1.227337	0.551693
372	1.226613	0.551664
373	1.225893	0.551634
374	1.225176	0.551604
375	1.224462	0.551573
376	1.223751	0.551540
377	1.223043	0.551507
378	1.222339	0.551473
379	1.221637	0.551437
380	1.220938	0.551401
381	1.220243	0.551364
382	1.219550	0.551327
383	1.218860	0.551288
384	1.218174	0.551249
385	1.217490	0.551208
386	1.216809	0.551167
387	1.216131	0.551125
388	1.215456	0.551082
389	1.214783	0.551039
390	1.214114	0.550994
391	1.213447	0.550949
392	1.212783	0.550903
393	1.212122	0.550857
394	1.211464	0.550809
395	1.210808	0.550761
396	1.210155	0.550712
397	1.209505	0.550663
398	1.208857	0.550612
399	1.208213	0.550561
400	1.207570	0.550510
401	1.206931	0.550457
402	1.206294	0.550404
403	1.205659	0.550350
404	1.205027	0.550296
405	1.204398	0.550241
406	1.203771	0.550185
407	1.203147	0.550129
408	1.202525	0.550072
409	1.201906	0.550015
410	1.201289	0.549957
411	1.200675	0.549898
412	1.200063	0.549839
413	1.199453	0.549779
414	1.198846	0.549718
415	1.198241	0.549657
416	1.197639	0.549596
417	1.197039	0.549533
418	1.196441	0.549471
419	1.195846	0.549407
420	1.195253	0.549344
421	1.194663	0.549279
422	1.194074	0.549215
423	1.193488	0.549149
424	1.192904	0.549084
425	1.192323	0.549017
426	1.191743	0.548950
427	1.191166	0.548883
428	1.190591	0.548815
429	1.190018	0.548747
430	1.189448	0.548678
431	1.188879	0.548609
432	1.188313	0.548540
433	1.187749	0.548470
434	1.187187	0.548399
435	1.186627	0.548328
436	1.186069	0.548257
437	1.185514	0.548185
438	1.184960	0.548113
439	1.184408	0.548040
440	1.183859	0.547967
441	1.183311	0.547894
442	1.182766	0.547820
443	1.182223	0.547746
444	1.181681	0.547672
445	1.181142	0.547597
446	1.180604	0.547521
447	1.180069	0.547446
448	1.179535	0.547370
449	1.179003	0.547293
450	1.178474	0.547217
451	1.177946	0.547139
452	1.177420	0.547062
453	1.176896	0.546984
454	1.176374	0.546906
455	1.175854	0.546828
456	1.175335	0.546749
457	1.174819	0.546670
458	1.174304	0.546591
459	1.173791	0.546511
460	1.173280	0.546431
461	1.172771	0.546351
462	1.172264	0.546270
463	1.171758	0.546189
464	1.171255	0.546108
465	1.170752	0.546027
466	1.170252	0.545945
467	1.169754	0.545863
468	1.169257	0.545781
469	1.168762	0.545698
470	1.168268	0.545615
471	1.167777	0.545532
472	1.167287	0.545449
473	1.166799	0.545365
474	1.166312	0.545282
475	1.165827	0.545198
476	1.165344	0.545113
477	1.164863	0.545029
478	1.164383	0.544944
479	1.163904	0.544859
480	1.163428	0.544774
481	1.162953	0.544688
482	1.162479	0.544603
483	1.162007	0.544517
484	1.161537	0.544431
485	1.161069	0.544344
486	1.160602	0.544258
487	1.160136	0.544171
488	1.159672	0.544084
489	1.159210	0.543997
490	1.158749	0.543910
491	1.158290	0.543822
492	1.157832	0.543735
493	1.157376	0.543647
494	1.156921	0.543559
495	1.156468	0.543471
496	1.156016	0.543382
497	1.155566	0.543294
498	1.155117	0.543205
499	1.154670	0.543116
500	1.154224	0.543027
501	1.153779	0.542938
502	1.153336	0.542848
503	1.152895	0.542759
504	1.152455	0.542669
505	1.152016	0.542579
506	1.151579	0.542489
507	1.151143	0.542399
508	1.150709	0.542309
509	1.150276	0.542218
510	1.149844	0.542128
511	1.149414	0.542037
512	1.148985	0.541946
513	1.148557	0.541855
514	1.148131	0.541764
515	1.147706	0.541673
516	1.147283	0.541581
517	1.146861	0.541490
518	1.146440	0.541398
519	1.146021	0.541306
520	1.145603	0.541214
521	1.145186	0.541122
522	1.144770	0.541030
523	1.144356	0.540938
524	1.143943	0.540846
525	1.143531	0.540753
526	1.143121	0.540661
527	1.142712	0.540568
528	1.142304	0.540475
529	1.141898	0.540383
530	1.141492	0.540290
531	1.141088	0.540197
532	1.140686	0.540103
533	1.140284	0.540010
534	1.139884	0.539917
535	1.139485	0.539824
536	1.139087	0.539730
537	1.138690	0.539636
538	1.138295	0.539543
539	1.137900	0.539449
540	1.137507	0.539355
541	1.137115	0.539261
542	1.136725	0.539167
543	1.136335	0.539073
544	1.135947	0.538979
545	1.135560	0.538885
546	1.135174	0.538791
547	1.134789	0.538696
548	1.134405	0.538602
549	1.134022	0.538507
550	1.133641	0.538413
551	1.133261	0.538318
552	1.132882	0.538224
553	1.132504	0.538129
554	1.132127	0.538034
555	1.131751	0.537939
556	1.131376	0.537844
557	1.131003	0.537749
558	1.130630	0.537654
559	1.130259	0.537559
560	1.129888	0.537464
561	1.129519	0.537369
562	1.129151	0.537274
563	1.128784	0.537178
564	1.128418	0.537083
565	1.128053	0.536988
566	1.127689	0.536892
567	1.127326	0.536797
568	1.126964	0.536701
569	1.126603	0.536606
570	1.126244	0.536510
571	1.125885	0.536415
572	1.125527	0.536319
573	1.125171	0.536223
574	1.124815	0.536128
575	1.124460	0.536032
576	1.124107	0.535936
577	1.123754	0.535840
578	1.123402	0.535744
579	1.123052	0.535648
580	1.122702	0.535552
581	1.122354	0.535457
582	1.122006	0.535361
583	1.121659	0.535265
584	1.121313	0.535168
585	1.120969	0.535072
586	1.120625	0.534976
587	1.120282	0.534880
588	1.119940	0.534784
589	1.119599	0.534688
590	1.119259	0.534592
591	1.118920	0.534496
592	1.118582	0.534399
593	1.118245	0.534303
594	1.117909	0.534207
595	1.117574	0.534111
596	1.117239	0.534014
597	1.116906	0.533918
598	1.116573	0.533822
599	1.116241	0.533725
600	1.115911	0.533629
601	1.115581	0.533533
602	1.115252	0.533436
603	1.114924	0.533340
604	1.114597	0.533244
605	1.114270	0.533147
606	1.113945	0.533051
607	1.113621	0.532955
608	1.113297	0.532858
609	1.112974	0.532762
610	1.112652	0.532665
611	1.112331	0.532569
612	1.112011	0.532472
613	1.111692	0.532376
614	1.111373	0.532280
615	1.111056	0.532183
616	1.110739	0.532087
617	1.110423	0.531990
618	1.110108	0.531894
619	1.109794	0.531797
620	1.109480	0.531701
621	1.109168	0.531605
622	1.108856	0.531508
623	1.108545	0.531412
624	1.108235	0.531315
625	1.107925	0.531219
626	1.107617	0.531122
627	1.107309	0.531026
628	1.107002	0.530930
629	1.106696	0.530833
630	1.106391	0.530737
631	1.106086	0.530641
632	1.105782	0.530544
633	1.105479	0.530448
634	1.105177	0.530351
635	1.104876	0.530255
636	1.104575	0.530159
637	1.104275	0.530062
638	1.103976	0.529966
639	1.103678	0.529870
640	1.103380	0.529773
641	1.103084	0.529677
642	1.102787	0.529581
643	1.102492	0.529485
644	1.102198	0.529388
645	1.101904	0.529292
646	1.101611	0.529196
647	1.101318	0.529100
648	1.101027	0.529004
649	1.100736	0.528907
650	1.100446	0.528811
651	1.100157	0.528715
652	1.099868	0.528619
653	1.099580	0.528523
654	1.099293	0.528427
655	1.099006	0.528331
656	1.098721	0.528235
657	1.098435	0.528139
658	1.098151	0.528043
659	1.097867	0.527947
660	1.097585	0.527851
661	1.097302	0.527755
662	1.097021	0.527659
663	1.096740	0.527563
664	1.096460	0.527467
665	1.096180	0.527371
666	1.095901	0.527275
667	1.095623	0.527179
668	1.095346	0.527084
669	1.095069	0.526988
670	1.094793	0.526892
671	1.094518	0.526796
672	1.094243	0.526700
673	1.093969	0.526605
674	1.093695	0.526509
675	1.093423	0.526413
676	1.093151	0.526318
677	1.092879	0.526222
678	1.092608	0.526127
679	1.092338	0.526031
680	1.092069	0.525936
681	1.091800	0.525840
682	1.091532	0.525745
683	1.091264	0.525649
684	1.090997	0.525554
685	1.090731	0.525458
686	1.090465	0.525363
687	1.090200	0.525268
688	1.089936	0.525172
689	1.089672	0.525077
690	1.089409	0.524982
691	1.089147	0.524887
692	1.088885	0.524791
693	1.088623	0.524696
694	1.088363	0.524601
695	1.088103	0.524506
696	1.087843	0.524411
697	1.087584	0.524316
698	1.087326	0.524221
699	1.087069	0.524126
700	1.086812	0.524031
701	1.086555	0.523936
702	1.086299	0.523841
703	1.086044	0.523746
704	1.085789	0.523652
705	1.085535	0.523557
706	1.085282	0.523462
707	1.085029	0.523367
708	1.084777	0.523273
709	1.084525	0.523178
710	1.084274	0.523083
711	1.084023	0.522989
712	1.083773	0.522894
713	1.083524	0.522800
714	1.083275	0.522705
715	1.083027	0.522611
716	1.082779	0.522516
717	1.082532	0.522422
718	1.082285	0.522327
719	1.082039	0.522233
720	1.081793	0.522139
721	1.081548	0.522044
722	1.081304	0.521950
723	1.081060	0.521856
724	1.080817	0.521762
725	1.080574	0.521668
726	1.080332	0.521574
727	1.080090	0.521480
728	1.079849	0.521386
729	1.079609	0.521292
730	1.079369	0.521198
731	1.079129	0.521104
732	1.078890	0.521010
733	1.078652	0.520916
734	1.078414	0.520822
735	1.078176	0.520729
736	1.077939	0.520635
737	1.077703	0.520541
738	1.077467	0.520447
739	1.077232	0.520354
740	1.076997	0.520260
741	1.076763	0.520167
742	1.076529	0.520073
743	1.076296	0.519980
744	1.076063	0.519886
745	1.075831	0.519793
746	1.075599	0.519700
747	1.075368	0.519606
748	1.075137	0.519513
749	1.074907	0.519420
750	1.074677	0.519327
751	1.074448	0.519233
752	1.074219	0.519140
753	1.073990	0.519047
754	1.073763	0.518954
755	1.073535	0.518861
756	1.073309	0.518768
757	1.073082	0.518675
758	1.072856	0.518582
759	1.072631	0.518490
760	1.072406	0.518397
761	1.072182	0.518304
762	1.071958	0.518211
763	1.071734	0.518119
764	1.071511	0.518026
765	1.071289	0.517933
766	1.071067	0.517841
767	1.070845	0.517748
768	1.070624	0.517656
769	1.070404	0.517563
770	1.070183	0.517471
771	1.069964	0.517378
772	1.069744	0.517286
773	1.069526	0.517194
774	1.069307	0.517102
775	1.069089	0.517009
776	1.068872	0.516917
777	1.068655	0.516825
778	1.068439	0.516733
779	1.068222	0.516641
780	1.068007	0.516549
781	1.067792	0.516457
782	1.067577	0.516365
783	1.067363	0.516273
784	1.067149	0.516181
785	1.066935	0.516090
786	1.066722	0.515998
787	1.066510	0.515906
788	1.066298	0.515815
789	1.066086	0.515723
790	1.065875	0.515631
791	1.065664	0.515540
792	1.065454	0.515448
793	1.065244	0.515357
794	1.065034	0.515265
795	1.064825	0.515174
796	1.064616	0.515083
797	1.064408	0.514991
798	1.064200	0.514900
799	1.063993	0.514809
800	1.063786	0.514718
801	1.063579	0.514627
802	1.063373	0.514536
803	1.063167	0.514445
804	1.062962	0.514354
805	1.062757	0.514263
806	1.062552	0.514172
807	1.062348	0.514081
808	1.062145	0.513990
809	1.061941	0.513899
810	1.061738	0.513809
811	1.061536	0.513718
812	1.061334	0.513627
813	1.061132	0.513537
814	1.060931	0.513446
815	1.060730	0.513356
816	1.060529	0.513265
817	1.060329	0.513175
818	1.060129	0.513084
819	1.059930	0.512994
820	1.059731	0.512904
821	1.059532	0.512814
822	1.059334	0.512723
823	1.059136	0.512633
824	1.058939	0.512543
825	1.058742	0.512453
826	1.058545	0.512363
827	1.058349	0.512273
828	1.058153	0.512183
829	1.057958	0.512093
830	1.057763	0.512003
831	1.057568	0.511913
832	1.057373	0.511824
833	1.057179	0.511734
834	1.056986	0.511644
835	1.056793	0.511555
836	1.056600	0.511465
837	1.056407	0.511375
838	1.056215	0.511286
839	1.056023	0.511197
840	1.055832	0.511107
841	1.055641	0.511018
842	1.055450	0.510928
843	1.055260	0.510839
844	1.055070	0.510750
845	1.054880	0.510661
846	1.054691	0.510572
847	1.054502	0.510482
848	1.054313	0.510393
849	1.054125	0.510304
850	1.053937	0.510215
851	1.053750	0.510127
852	1.053563	0.510038
853	1.053376	0.509949
854	1.053189	0.509860
855	1.053003	0.509771
856	1.052818	0.509683
857	1.052632	0.509594
858	1.052447	0.509505
859	1.052262	0.509417
860	1.052078	0.509328
861	1.051894	0.509240
862	1.051710	0.509151
863	1.051527	0.509063
864	1.051344	0.508975
865	1.051161	0.508886
866	1.050979	0.508798
867	1.050797	0.508710
868	1.050615	0.508622
869	1.050434	0.508534
870	1.050253	0.508446
871	1.050072	0.508358
872	1.049892	0.508270
873	1.049712	0.508182
874	1.049532	0.508094
875	1.049353	0.508006
876	1.049174	0.507918
877	1.048995	0.507830
878	1.048816	0.507743
879	1.048638	0.507655
880	1.048461	0.507567
881	1.048283	0.507480
882	1.048106	0.507392
883	1.047929	0.507305
884	1.047753	0.507217
885	1.047577	0.507130
886	1.047401	0.507043
887	1.047225	0.506955
888	1.047050	0.506868
889	1.046875	0.506781
890	1.046700	0.506694
891	1.046526	0.506607
892	1.046352	0.506520
893	1.046178	0.506433
894	1.046005	0.506346
895	1.045832	0.506259
896	1.045659	0.506172
897	1.045487	0.506085
898	1.045315	0.505998
899	1.045143	0.505911
900	1.044971	0.505825
901	1.044800	0.505738
902	1.044629	0.505651
903	1.044458	0.505565
904	1.044288	0.505478
905	1.044118	0.505392
906	1.043948	0.505305
907	1.043779	0.505219
908	1.043609	0.505133
909	1.043441	0.505046
910	1.043272	0.504960
911	1.043104	0.504874
912	1.042936	0.504788
913	1.042768	0.504702
914	1.042600	0.504616
915	1.042433	0.504530
916	1.042266	0.504444
917	1.042100	0.504358
918	1.041934	0.504272
919	1.041768	0.504186
920	1.041602	0.504100
921	1.041436	0.504015
922	1.041271	0.503929
923	1.041106	0.503843
924	1.040942	0.503758
925	1.040778	0.503672
926	1.040613	0.503587
927	1.040450	0.503501
928	1.040286	0.503416
929	1.040123	0.503330
930	1.039960	0.503245
931	1.039797	0.503160
932	1.039635	0.503074
933	1.039473	0.502989
934	1.039311	0.502904
935	1.039150	0.502819
936	1.038988	0.502734
937	1.038827	0.502649
938	1.038666	0.502564
939	1.038506	0.502479
940	1.038346	0.502394
941	1.038186	0.502309
942	1.038026	0.502225
943	1.037867	0.502140
944	1.037708	0.502055
945	1.037549	0.501971
946	1.037390	0.501886
947	1.037232	0.501801
948	1.037073	0.501717
949	1.036916	0.501633
950	1.036758	0.501548
951	1.036601	0.501464
952	1.036444	0.501379
953	1.036287	0.501295
954	1.036130	0.501211
955	1.035974	0.501127
956	1.035818	0.501043
957	1.035662	0.500959
958	1.035507	0.500875
959	1.035351	0.500791
960	1.035196	0.500707
961	1.035041	0.500623
962	1.034887	0.500539
963	1.034733	0.500455
964	1.034578	0.500371
965	1.034425	0.500288
966	1.034271	0.500204
967	1.034118	0.500120
968	1.033965	0.500037
969	1.033812	0.499953
970	1.033659	0.499870
971	1.033507	0.499786
972	1.033355	0.499703
973	1.033203	0.499620
974	1.033052	0.499536
975	1.032900	0.499453
976	1.032749	0.499370
977	1.032598	0.499287
978	1.032448	0.499203
979	1.032297	0.499120
980	1.032147	0.499037
981	1.031997	0.498954
982	1.031847	0.498872
983	1.031698	0.498789
984	1.031549	0.498706
985	1.031400	0.498623
986	1.031251	0.498540
987	1.031103	0.498458
988	1.030954	0.498375
989	1.030806	0.498292
990	1.030658	0.498210
991	1.030511	0.498127
992	1.030363	0.498045
993	1.030216	0.497962
994	1.030069	0.497880
995	1.029923	0.497798
996	1.029776	0.497715
997	1.029630	0.497633
998	1.029484	0.497551
999	1.029338	0.497469
